from mathutils import Matrix


bounding_boxes = {
    "HAT": Matrix(
        (
            (0.24600258469581604, 0.0, 0.0, 0.000967355677857995),
            (0.0, 0.0639302134513855, 0.0, 0.021644577383995056),
            (0.0, 0.0, 0.14278090000152588, 0.053199488669633865),
            (0.0, 0.0, 0.0, 1.0),
        )
    ),
    "EYE": Matrix(
        (
            (0.1691933125257492, 0.0, 0.0, -0.0002632124815136194),
            (0.0, 0.12148467451334, 0.0, -0.014057928696274757),
            (0.0, 0.0, 0.07069981098175049, 0.029703490436077118),
            (0.0, 0.0, 0.0, 1.0),
        )
    ),
    "WAIST": Matrix(
        (
            (0.21555104851722717, 0.0, 0.0, 0.000967355677857995),
            (0.0, 0.03778824210166931, 0.0, 0.004476041998714209),
            (0.0, 0.0, 0.05541957914829254, -0.16294655203819275),
            (0.0, 0.0, 0.0, 1.0),
        )
    ),
    "MOUTH": Matrix(
        (
            (0.16107942163944244, 0.0, 0.0, 0.002566575538367033),
            (0.0, 0.08092083781957626, 0.0, -0.06576228886842728),
            (0.0, 0.0, 0.06424248963594437, -0.07700552046298981),
            (0.0, 0.0, 0.0, 1.0),
        )
    ),
    "BACK": Matrix(
        (
            (0.19034184515476227, 0.0, 0.0, 0.0),
            (0.0, 0.0528070293366909, 0.0, 0.12421084940433502),
            (0.0, 0.0, 0.18728335201740265, 0.026801077648997307),
            (0.0, 0.0, 0.0, 1.0),
        )
    ),
    "FACE": Matrix(
        (
            (0.13546310365200043, 0.0, 0.0, 7.812399417161942e-06),
            (0.0, 0.004865436349064112, 0.0, -0.06846602261066437),
            (0.0, 0.0, 0.08463766425848007, 0.006828663870692253),
            (0.0, 0.0, 0.0, 1.0),
        )
    ),
    "WRIST": Matrix(
        (
            (0.1930122673511505, 0.0, 0.0, 0.0),
            (0.0, 0.06275138258934021, 0.0, 0.003565093968063593),
            (0.0, 0.0, 0.08031448721885681, -0.1556559056043625),
            (0.0, 0.0, 0.0, 1.0),
        )
    ),
    "TOPPER": Matrix(
        (
            (0.038085661828517914, 0.0, 0.0, 0.07835584878921509),
            (0.0, 0.038085661828517914, 0.0, 0.006529629230499268),
            (0.0, 0.0, 0.038085661828517914, 0.17775170505046844),
            (0.0, 0.0, 0.0, 1.0),
        )
    ),
    "EAR": Matrix(
        (
            (0.24575912952423096, 0.0, 0.0, 0.0),
            (0.0, 0.05125981196761131, 0.0, -0.005775748286396265),
            (0.0, 0.0, 0.08625660091638565, 0.0063828094862401485),
            (0.0, 0.0, 0.0, 1.0),
        )
    ),
    "HAIR": Matrix(
        (
            (0.22499482333660126, 0.0, 0.0, 0.000967355677857995),
            (0.0, 0.05241905525326729, 0.0, 0.00789450854063034),
            (0.0, 0.0, 0.13265536725521088, 0.07656941562891006),
            (0.0, 0.0, 0.0, 1.0),
        )
    ),
    "MASK": Matrix(
        (
            (0.15003207325935364, 0.0, 0.0, -0.0002632079995237291),
            (0.0, 0.08018840849399567, 0.0, -0.008805286139249802),
            (0.0, 0.0, 0.07669495046138763, 0.00735512375831604),
            (0.0, 0.0, 0.0, 1.0),
        )
    ),
    "WINGS": Matrix(
        (
            (0.27296116948127747, 0.0, 0.0, 0.0),
            (0.0, 0.07357984036207199, 0.0, 0.13848355412483215),
            (0.0, 0.0, 0.16335727274417877, 0.0395490862429142),
            (0.0, 0.0, 0.0, 1.0),
        )
    ),
    "NOSE": Matrix(
        (
            (0.029515568166971207, 0.0, 0.0, -0.0002632124815136194),
            (0.0, 0.026675164699554443, 0.0, -0.1044149175286293),
            (0.0, 0.0, 0.024762339890003204, 0.017626751214265823),
            (0.0, 0.0, 0.0, 1.0),
        )
    ),
}
